    676 35
    743 36
    800 37
    813 38
    833 39
    894 40
    928 41
    938 43
    953 44
    954 42
    985 46
    990 45
   1044 47
   1122 49
   1151 48
   1178 50
   1316 51
   1381 53
   1397 54
   1404 52
   1523 55
   1612 57
   1628 56
   1779 58
   1907 59
   2026 60
   2165 61
   2475 62
   2529 63
   2764 64
   2831 65
   2987 66
   3288 67
   3599 68
   3771 69
   4040 70
   4508 71
   4742 72
   5307 73
   5503 74
   5518 75
   5914 76
   6479 77
   6668 78
   7130 79
   7399 80
   7598 81
   7992 82
   8452 83
   9087 84
   9258 85
   9921 87
   9949 86
  10639 88
  11273 89
  11675 90
  12402 91
  12453 92
  12899 93
  13404 94
  14597 95
  21326 96
  22566 99
  44467 97
 148005 98
 193382 100
6706450 101
